FID;Area;MUNCod;NOMMun;ZAT;UTAM
0;958365,051378999950000;11001,000000000000000;Bogotá;83,000000000000000;UTAM13
1;324491,480270000000000;11001,000000000000000;Bogotá;854,000000000000000;UTAM11
2;194223,286014999990000;11001,000000000000000;Bogotá;20,000000000000000;UTAM10
3;886478,677073000000000;11001,000000000000000;Bogotá;561,000000000000000;UTAM85
4;908768,074575999980000;11001,000000000000000;Bogotá;947,000000000000000;UTAM85
5;1441757,428700000000000;11001,000000000000000;Bogotá;569,000000000000000;UTAM85
6;394394,524968000010000;11001,000000000000000;Bogotá;570,000000000000000;UTAM85
7;153850,834834999990000;11001,000000000000000;Bogotá;79,000000000000000;UTAM13
8;7020181,357900000200000;11001,000000000000000;Bogotá;304,000000000000000;UTAM117
9;1409421,895310000100000;11001,000000000000000;Bogotá;310,000000000000000;UTAM76
10;1288239,382239999900000;11001,000000000000000;Bogotá;405,000000000000000;UTAM77
11;877121,265122000010000;11001,000000000000000;Bogotá;407,000000000000000;UTAM77
12;478040,200824000000000;11001,000000000000000;Bogotá;76,000000000000000;UTAM13
13;401043,502701000020000;11001,000000000000000;Bogotá;75,000000000000000;UTAM13
14;168669,035157000010000;11001,000000000000000;Bogotá;74,000000000000000;UTAM13
15;445924,991256000010000;11001,000000000000000;Bogotá;73,000000000000000;UTAM13
16;594177,151741000010000;11001,000000000000000;Bogotá;72,000000000000000;UTAM13
17;2069555,852990000000000;11001,000000000000000;Bogotá;87,000000000000000;UTAM15
18;462848,521117999980000;11001,000000000000000;Bogotá;86,000000000000000;UTAM14
19;895814,958648000030000;11001,000000000000000;Bogotá;194,000000000000000;UTAM74
20;810032,951827000010000;11001,000000000000000;Bogotá;195,000000000000000;UTAM74
21;548001,476854000010000;11001,000000000000000;Bogotá;196,000000000000000;UTAM74
22;782968,043941000010000;11001,000000000000000;Bogotá;201,000000000000000;UTAM116
23;364692,141408999970000;11001,000000000000000;Bogotá;191,000000000000000;UTAM73
24;477803,747869000010000;11001,000000000000000;Bogotá;190,000000000000000;UTAM73
25;1061806,153059999900000;11001,000000000000000;Bogotá;302,000000000000000;UTAM116
26;931002,545205999980000;11001,000000000000000;Bogotá;192,000000000000000;UTAM73
27;309358,881876000030000;11001,000000000000000;Bogotá;189,000000000000000;UTAM73
28;792958,853787999950000;11001,000000000000000;Bogotá;120,000000000000000;UTAM72
29;1064452,406819999900000;11001,000000000000000;Bogotá;187,000000000000000;UTAM73
30;1058223,333470000000000;11001,000000000000000;Bogotá;37,000000000000000;UTAM71
31;409505,515430000030000;11001,000000000000000;Bogotá;38,000000000000000;UTAM27
32;1712415,480870000100000;11001,000000000000000;Bogotá;36,000000000000000;UTAM71
33;1214504,108779999900000;11001,000000000000000;Bogotá;33,000000000000000;UTAM27
34;663173,617668000050000;11001,000000000000000;Bogotá;836,000000000000000;UTAM27
35;540402,713855999990000;11001,000000000000000;Bogotá;99,000000000000000;UTAM28
36;1116372,440260000100000;11001,000000000000000;Bogotá;30,000000000000000;UTAM23
37;633091,108097000050000;11001,000000000000000;Bogotá;107,000000000000000;UTAM28
38;962599,462417999980000;11001,000000000000000;Bogotá;112,000000000000000;UTAM28
39;817925,372594999960000;11001,000000000000000;Bogotá;41,000000000000000;UTAM27
40;587812,738483999970000;11001,000000000000000;Bogotá;104,000000000000000;UTAM28
41;579557,067485000010000;11001,000000000000000;Bogotá;40,000000000000000;UTAM27
42;757512,583621999950000;11001,000000000000000;Bogotá;88,000000000000000;UTAM15
43;667177,271050999990000;11001,000000000000000;Bogotá;69,000000000000000;UTAM13
44;317050,491916000030000;11001,000000000000000;Bogotá;70,000000000000000;UTAM13
45;423565,579571000010000;11001,000000000000000;Bogotá;71,000000000000000;UTAM13
46;353698,563541000010000;11001,000000000000000;Bogotá;62,000000000000000;UTAM13
47;527645,341729999990000;11001,000000000000000;Bogotá;51,000000000000000;UTAM12
48;547460,818551999980000;11001,000000000000000;Bogotá;122,000000000000000;UTAM29
49;287516,503841999980000;11001,000000000000000;Bogotá;123,000000000000000;UTAM29
50;468033,963894999990000;11001,000000000000000;Bogotá;185,000000000000000;UTAM30
51;338939,484270000020000;11001,000000000000000;Bogotá;186,000000000000000;UTAM30
52;431744,902440999980000;11001,000000000000000;Bogotá;199,000000000000000;UTAM30
53;446954,338796000000000;11001,000000000000000;Bogotá;121,000000000000000;UTAM29
54;509077,524603999980000;11001,000000000000000;Bogotá;101,000000000000000;UTAM28
55;306817,149242000010000;11001,000000000000000;Bogotá;100,000000000000000;UTAM28
56;750883,774154999990000;11001,000000000000000;Bogotá;105,000000000000000;UTAM28
57;319262,151704000020000;11001,000000000000000;Bogotá;95,000000000000000;UTAM24
58;985929,164758000060000;11001,000000000000000;Bogotá;89,000000000000000;UTAM19
59;348781,441244999990000;11001,000000000000000;Bogotá;68,000000000000000;UTAM19
60;895633,187747000020000;11001,000000000000000;Bogotá;93,000000000000000;UTAM24
61;1062068,160949999900000;11001,000000000000000;Bogotá;67,000000000000000;UTAM19
62;612022,728462000030000;11001,000000000000000;Bogotá;66,000000000000000;UTAM19
63;532934,481590999990000;11001,000000000000000;Bogotá;45,000000000000000;UTAM23
64;942601,437633999970000;11001,000000000000000;Bogotá;46,000000000000000;UTAM18
65;121284,053004999990000;11001,000000000000000;Bogotá;126,000000000000000;UTAM28
66;463973,445656000000000;11001,000000000000000;Bogotá;125,000000000000000;UTAM29
67;457610,838798000010000;11001,000000000000000;Bogotá;129,000000000000000;UTAM29
68;381898,836909000010000;11001,000000000000000;Bogotá;184,000000000000000;UTAM30
69;281817,146467000010000;11001,000000000000000;Bogotá;183,000000000000000;UTAM30
70;1438127,515960000000000;11001,000000000000000;Bogotá;127,000000000000000;UTAM25
71;400029,767010000010000;11001,000000000000000;Bogotá;91,000000000000000;UTAM19
72;552761,265803999970000;11001,000000000000000;Bogotá;140,000000000000000;UTAM20
73;565625,945456000040000;11001,000000000000000;Bogotá;852,000000000000000;UTAM16
74;719578,355448000020000;11001,000000000000000;Bogotá;138,000000000000000;UTAM20
75;970276,946162999960000;11001,000000000000000;Bogotá;133,000000000000000;UTAM24
76;1080017,843099999900000;11001,000000000000000;Bogotá;147,000000000000000;UTAM16
77;494957,544086000010000;11001,000000000000000;Bogotá;851,000000000000000;UTAM16
78;534980,804621999970000;11001,000000000000000;Bogotá;143,000000000000000;UTAM20
79;720219,765078000030000;11001,000000000000000;Bogotá;167,000000000000000;UTAM21
80;335958,068355000000000;11001,000000000000000;Bogotá;153,000000000000000;UTAM14
81;400455,437566999990000;11001,000000000000000;Bogotá;152,000000000000000;UTAM14
82;626313,344930000020000;11001,000000000000000;Bogotá;148,000000000000000;UTAM16
83;351551,297017999980000;11001,000000000000000;Bogotá;850,000000000000000;UTAM16
84;468206,257473999980000;11001,000000000000000;Bogotá;849,000000000000000;UTAM97
85;364541,142218999970000;11001,000000000000000;Bogotá;713,000000000000000;UTAM67
86;583849,924530999970000;11001,000000000000000;Bogotá;714,000000000000000;UTAM67
87;630710,236465999970000;11001,000000000000000;Bogotá;667,000000000000000;UTAM70
88;504078,336199000010000;11001,000000000000000;Bogotá;669,000000000000000;UTAM70
89;1019882,128520000000000;11001,000000000000000;Bogotá;544,000000000000000;UTAM85
90;162831,117937000000000;11001,000000000000000;Bogotá;545,000000000000000;UTAM48
91;660945,159954000030000;11001,000000000000000;Bogotá;543,000000000000000;UTAM49
92;578313,888278999950000;11001,000000000000000;Bogotá;945,000000000000000;UTAM69
93;639190,352312000000000;11001,000000000000000;Bogotá;567,000000000000000;UTAM85
94;247654,559142000010000;11001,000000000000000;Bogotá;568,000000000000000;UTAM85
95;1184219,463640000000000;11001,000000000000000;Bogotá;553,000000000000000;UTAM86
96;486197,083365999980000;11001,000000000000000;Bogotá;556,000000000000000;UTAM86
97;1315855,130930000000000;11001,000000000000000;Bogotá;558,000000000000000;UTAM87
98;633985,238993000010000;11001,000000000000000;Bogotá;554,000000000000000;UTAM86
99;1450907,756460000100000;11001,000000000000000;Bogotá;560,000000000000000;UTAM84
100;572001,666827999990000;11001,000000000000000;Bogotá;563,000000000000000;UTAM84
101;860961,547600000050000;11001,000000000000000;Bogotá;530,000000000000000;UTAM83
102;774312,120436999950000;11001,000000000000000;Bogotá;565,000000000000000;UTAM85
103;407959,145360999970000;11001,000000000000000;Bogotá;566,000000000000000;UTAM85
104;340992,380822999980000;11001,000000000000000;Bogotá;564,000000000000000;UTAM84
105;580247,102072000040000;11001,000000000000000;Bogotá;548,000000000000000;UTAM81
106;696073,781121999960000;11001,000000000000000;Bogotá;550,000000000000000;UTAM84
107;1147835,240350000100000;11001,000000000000000;Bogotá;551,000000000000000;UTAM84
108;914604,263498999990000;11001,000000000000000;Bogotá;557,000000000000000;UTAM87
109;607240,550486000020000;11001,000000000000000;Bogotá;248,000000000000000;UTAM88
110;274970,285523000000000;11001,000000000000000;Bogotá;264,000000000000000;UTAM88
111;201723,543119000010000;11001,000000000000000;Bogotá;479,000000000000000;UPR2
112;327157,553011999990000;11001,000000000000000;Bogotá;477,000000000000000;UTAM94
113;130779,535793000000000;11001,000000000000000;Bogotá;243,000000000000000;UTAM88
114;227959,818823999990000;11001,000000000000000;Bogotá;263,000000000000000;UTAM88
115;353652,658233000020000;11001,000000000000000;Bogotá;261,000000000000000;UTAM88
116;362703,733949000020000;11001,000000000000000;Bogotá;245,000000000000000;UTAM88
117;296197,053347999990000;11001,000000000000000;Bogotá;252,000000000000000;UTAM90
118;124425,340522000000000;11001,000000000000000;Bogotá;253,000000000000000;UTAM88
119;223990,027857999990000;11001,000000000000000;Bogotá;847,000000000000000;UTAM97
120;344115,873194999990000;11001,000000000000000;Bogotá;251,000000000000000;UTAM90
121;134309,392874000010000;11001,000000000000000;Bogotá;482,000000000000000;UTAM96
122;193072,468793000010000;11001,000000000000000;Bogotá;475,000000000000000;UTAM94
123;222963,141903000010000;11001,000000000000000;Bogotá;458,000000000000000;UTAM94
124;121850,723685000000000;11001,000000000000000;Bogotá;476,000000000000000;UTAM94
125;181665,887202999990000;11001,000000000000000;Bogotá;456,000000000000000;UTAM93
126;142941,315766999990000;11001,000000000000000;Bogotá;993,000000000000000;UTAM93
127;802473,864963999950000;11001,000000000000000;Bogotá;155,000000000000000;UTAM14
128;518185,395806999990000;11001,000000000000000;Bogotá;151,000000000000000;UTAM14
129;424894,646268000010000;11001,000000000000000;Bogotá;259,000000000000000;UTAM97
130;338620,640957999970000;11001,000000000000000;Bogotá;258,000000000000000;UTAM97
131;181939,870460000010000;11001,000000000000000;Bogotá;257,000000000000000;UTAM97
132;203617,535960999990000;11001,000000000000000;Bogotá;256,000000000000000;UTAM97
133;130414,332745000010000;11001,000000000000000;Bogotá;242,000000000000000;UTAM97
134;222753,959353000010000;11001,000000000000000;Bogotá;460,000000000000000;UTAM94
135;476806,179372999990000;11001,000000000000000;Bogotá;459,000000000000000;UTAM94
136;130831,358080000010000;11001,000000000000000;Bogotá;457,000000000000000;UTAM94
137;462017,947809999980000;11001,000000000000000;Bogotá;664,000000000000000;UTAM70
138;269180,655258000010000;11001,000000000000000;Bogotá;165,000000000000000;UTAM97
139;265160,054979000010000;11001,000000000000000;Bogotá;164,000000000000000;UTAM97
140;662184,872597999990000;11001,000000000000000;Bogotá;168,000000000000000;UTAM98
141;257415,442030000010000;11001,000000000000000;Bogotá;241,000000000000000;UTAM97
142;187107,855148000000000;11001,000000000000000;Bogotá;224,000000000000000;UTAM98
143;206658,035532000010000;11001,000000000000000;Bogotá;246,000000000000000;UTAM97
144;65841,625992800007000;11001,000000000000000;Bogotá;489,000000000000000;UTAM96
145;331704,736051000010000;11001,000000000000000;Bogotá;492,000000000000000;UTAM32
146;359782,901618000000000;11001,000000000000000;Bogotá;452,000000000000000;UTAM95
147;401335,743710000010000;11001,000000000000000;Bogotá;602,000000000000000;UTAM32
148;326208,939476999980000;11001,000000000000000;Bogotá;453,000000000000000;UTAM93
149;404119,888603999980000;11001,000000000000000;Bogotá;443,000000000000000;UTAM102
150;288441,362847000010000;11001,000000000000000;Bogotá;454,000000000000000;UTAM93
151;131593,313766000010000;11001,000000000000000;Bogotá;470,000000000000000;UTAM33
152;469700,596760999990000;11001,000000000000000;Bogotá;462,000000000000000;UTAM95
153;925845,182633999970000;11001,000000000000000;Bogotá;621,000000000000000;UTAM69
154;165111,806170000000000;11001,000000000000000;Bogotá;963,000000000000000;UTAM70
155;357945,084995999990000;11001,000000000000000;Bogotá;662,000000000000000;UTAM66
156;279667,458091999990000;11001,000000000000000;Bogotá;661,000000000000000;UTAM66
157;312550,485074999980000;11001,000000000000000;Bogotá;663,000000000000000;UTAM66
158;196785,778026999990000;11001,000000000000000;Bogotá;670,000000000000000;UTAM66
159;158667,232702999990000;11001,000000000000000;Bogotá;712,000000000000000;UTAM67
160;156740,031336999990000;11001,000000000000000;Bogotá;442,000000000000000;UTAM102
161;261858,777428000000000;11001,000000000000000;Bogotá;355,000000000000000;UTAM93
162;209523,189779000010000;11001,000000000000000;Bogotá;466,000000000000000;UTAM33
163;157932,248178999990000;11001,000000000000000;Bogotá;451,000000000000000;UTAM35
164;170912,939306999990000;11001,000000000000000;Bogotá;468,000000000000000;UTAM33
165;447470,605923999970000;11001,000000000000000;Bogotá;446,000000000000000;UTAM37
166;331718,528710999990000;11001,000000000000000;Bogotá;444,000000000000000;UTAM102
167;244044,294948000000000;11001,000000000000000;Bogotá;449,000000000000000;UTAM35
168;642620,493751000030000;11001,000000000000000;Bogotá;500,000000000000000;UTAM35
169;756151,047983000050000;11001,000000000000000;Bogotá;620,000000000000000;UTAM65
170;770410,802452999980000;11001,000000000000000;Bogotá;572,000000000000000;UTAM65
171;423380,318291999980000;11001,000000000000000;Bogotá;627,000000000000000;UTAM65
172;317450,754849000020000;11001,000000000000000;Bogotá;628,000000000000000;UTAM65
173;533823,001692999970000;11001,000000000000000;Bogotá;629,000000000000000;UTAM65
174;622697,181029999980000;11001,000000000000000;Bogotá;573,000000000000000;UTAM42
175;604520,254014999950000;11001,000000000000000;Bogotá;447,000000000000000;UTAM38
176;242722,498358000010000;11001,000000000000000;Bogotá;438,000000000000000;UTAM37
177;311603,675442999990000;11001,000000000000000;Bogotá;434,000000000000000;UTAM37
178;198313,870747000010000;11001,000000000000000;Bogotá;439,000000000000000;UTAM37
179;414640,334771000020000;11001,000000000000000;Bogotá;432,000000000000000;UTAM40
180;665600,461698999980000;11001,000000000000000;Bogotá;433,000000000000000;UTAM102
181;237211,872498000010000;11001,000000000000000;Bogotá;440,000000000000000;UTAM102
182;454706,219174999980000;11001,000000000000000;Bogotá;501,000000000000000;UTAM38
183;537753,939230000020000;11001,000000000000000;Bogotá;618,000000000000000;UTAM42
184;413331,295531000010000;11001,000000000000000;Bogotá;631,000000000000000;UTAM42
185;106919,293804000000000;11001,000000000000000;Bogotá;987,000000000000000;UTAM42
186;627572,932933000030000;11001,000000000000000;Bogotá;657,000000000000000;UTAM62
187;170207,891907999990000;11001,000000000000000;Bogotá;675,000000000000000;UTAM67
188;294818,453672999980000;11001,000000000000000;Bogotá;674,000000000000000;UTAM67
189;427222,911819999980000;11001,000000000000000;Bogotá;634,000000000000000;UTAM39
190;315707,571325999980000;11001,000000000000000;Bogotá;979,000000000000000;UTAM54
191;438011,165943000000000;11001,000000000000000;Bogotá;677,000000000000000;UTAM62
192;346955,554649000000000;11001,000000000000000;Bogotá;709,000000000000000;UTAM67
193;298253,467756000000000;11001,000000000000000;Bogotá;710,000000000000000;UTAM67
194;614845,608672000000000;11001,000000000000000;Bogotá;502,000000000000000;UTAM38
195;233827,971379000000000;11001,000000000000000;Bogotá;437,000000000000000;UTAM38
196;360270,398343999990000;11001,000000000000000;Bogotá;436,000000000000000;UTAM37
197;283982,784389999990000;11001,000000000000000;Bogotá;431,000000000000000;UTAM40
198;323731,430105999990000;11001,000000000000000;Bogotá;435,000000000000000;UTAM37
199;197800,526910999990000;11001,000000000000000;Bogotá;430,000000000000000;UTAM40
200;135341,469320000000000;11001,000000000000000;Bogotá;587,000000000000000;UTAM39
201;350732,356638000000000;11001,000000000000000;Bogotá;588,000000000000000;UTAM39
202;123362,301156999990000;11001,000000000000000;Bogotá;586,000000000000000;UTAM39
203;196987,633838000010000;11001,000000000000000;Bogotá;975,000000000000000;UTAM36
204;286517,661719000030000;11001,000000000000000;Bogotá;637,000000000000000;UTAM53
205;266165,174470000030000;11001,000000000000000;Bogotá;609,000000000000000;UTAM36
206;415384,861877000020000;11001,000000000000000;Bogotá;655,000000000000000;UTAM53
207;112055,890183000000000;11001,000000000000000;Bogotá;977,000000000000000;UTAM53
208;235052,581442000000000;11001,000000000000000;Bogotá;636,000000000000000;UTAM53
209;468704,479039000000000;11001,000000000000000;Bogotá;654,000000000000000;UTAM54
210;196717,273594000000000;11001,000000000000000;Bogotá;678,000000000000000;UTAM62
211;480679,281695000010000;11001,000000000000000;Bogotá;614,000000000000000;UTAM39
212;303593,530183000020000;11001,000000000000000;Bogotá;613,000000000000000;UTAM39
213;201795,348040000010000;11001,000000000000000;Bogotá;982,000000000000000;UTAM39
214;315396,659905000010000;11001,000000000000000;Bogotá;591,000000000000000;UTAM36
215;401839,346202999990000;11001,000000000000000;Bogotá;590,000000000000000;UTAM36
216;431725,032203999990000;11001,000000000000000;Bogotá;592,000000000000000;UTAM36
217;373776,260423999980000;11001,000000000000000;Bogotá;615,000000000000000;UTAM39
218;324897,379736999980000;11001,000000000000000;Bogotá;616,000000000000000;UTAM42
219;372595,307537999990000;11001,000000000000000;Bogotá;576,000000000000000;UTAM42
220;233082,662821000010000;11001,000000000000000;Bogotá;617,000000000000000;UTAM42
221;347850,242185999990000;11001,000000000000000;Bogotá;574,000000000000000;UTAM42
222;220723,643963000010000;11001,000000000000000;Bogotá;584,000000000000000;UTAM39
223;130322,835213000000000;11001,000000000000000;Bogotá;581,000000000000000;UTAM38
224;280704,728074999990000;11001,000000000000000;Bogotá;582,000000000000000;UTAM38
225;208378,353570000010000;11001,000000000000000;Bogotá;504,000000000000000;UTAM38
226;529374,136451000000000;11001,000000000000000;Bogotá;593,000000000000000;UTAM34
227;98079,415007500007000;11001,000000000000000;Bogotá;505,000000000000000;UTAM40
228;196354,000452000010000;11001,000000000000000;Bogotá;583,000000000000000;UTAM39
229;715144,289467999940000;11001,000000000000000;Bogotá;755,000000000000000;UTAM58
230;524409,024220000020000;11001,000000000000000;Bogotá;760,000000000000000;UTAM59
231;658863,409022000040000;11001,000000000000000;Bogotá;702,000000000000000;UTAM56
232;128417,848245000000000;11001,000000000000000;Bogotá;684,000000000000000;UTAM55
233;833214,156469000040000;11001,000000000000000;Bogotá;682,000000000000000;UTAM55
234;776750,366206999980000;11001,000000000000000;Bogotá;745,000000000000000;UTAM57
235;374671,490533999980000;11001,000000000000000;Bogotá;743,000000000000000;UTAM57
236;604748,160214000030000;11001,000000000000000;Bogotá;732,000000000000000;UTAM57
237;535721,943944000060000;11001,000000000000000;Bogotá;731,000000000000000;UTAM56
238;416563,658230000000000;11001,000000000000000;Bogotá;703,000000000000000;UTAM56
239;728760,276203999990000;11001,000000000000000;Bogotá;689,000000000000000;UTAM51
240;412004,391157999980000;11001,000000000000000;Bogotá;650,000000000000000;UTAM50
241;718386,937724999970000;11001,000000000000000;Bogotá;705,000000000000000;UTAM63
242;328603,816418999980000;11001,000000000000000;Bogotá;639,000000000000000;UTAM34
243;108710,522330000010000;11001,000000000000000;Bogotá;970,000000000000000;UTAM34
244;82678,315931799996000;11001,000000000000000;Bogotá;594,000000000000000;UTAM34
245;292346,616327999970000;11001,000000000000000;Bogotá;595,000000000000000;UTAM34
246;842795,456113999940000;11001,000000000000000;Bogotá;720,000000000000000;UTAM67
247;379330,875719000000000;11001,000000000000000;Bogotá;727,000000000000000;UTAM68
248;619224,178832000010000;11001,000000000000000;Bogotá;715,000000000000000;UTAM67
249;297697,117142000000000;11001,000000000000000;Bogotá;728,000000000000000;UTAM68
250;570573,890447000040000;11001,000000000000000;Bogotá;598,000000000000000;UTAM32
251;206017,898970999990000;11001,000000000000000;Bogotá;699,000000000000000;UTAM50
252;211503,021685999990000;11001,000000000000000;Bogotá;597,000000000000000;UTAM34
253;154635,710411000010000;11001,000000000000000;Bogotá;596,000000000000000;UTAM34
254;362799,474419999980000;11001,000000000000000;Bogotá;640,000000000000000;UTAM50
255;85762,257479899999000;11001,000000000000000;Bogotá;603,000000000000000;UTAM32
256;810701,267052000040000;11001,000000000000000;Bogotá;529,000000000000000;UTAM82
257;624358,030064000050000;11001,000000000000000;Bogotá;414,000000000000000;UTAM82
258;1608925,186950000000000;11001,000000000000000;Bogotá;413,000000000000000;UTAM79
259;681122,491016000040000;11001,000000000000000;Bogotá;398,000000000000000;UTAM77
260;743744,016249999990000;11001,000000000000000;Bogotá;317,000000000000000;UTAM112
261;873945,587892999990000;11001,000000000000000;Bogotá;955,000000000000000;UTAM112
262;346180,249185999970000;11001,000000000000000;Bogotá;392,000000000000000;UTAM112
263;275987,677731000000000;11001,000000000000000;Bogotá;255,000000000000000;UTAM99
264;268366,327047000000000;11001,000000000000000;Bogotá;848,000000000000000;UTAM97
265;140351,885727999990000;11001,000000000000000;Bogotá;240,000000000000000;UTAM98
266;283544,405558000030000;11001,000000000000000;Bogotá;234,000000000000000;UTAM98
267;876593,777417000030000;11001,000000000000000;Bogotá;396,000000000000000;UTAM79
268;211262,063751000010000;11001,000000000000000;Bogotá;412,000000000000000;UTAM82
269;424845,271040000020000;11001,000000000000000;Bogotá;415,000000000000000;UTAM82
270;523863,708494000020000;11001,000000000000000;Bogotá;528,000000000000000;UTAM82
271;761759,779385000000000;11001,000000000000000;Bogotá;527,000000000000000;UTAM80
272;642460,878570999950000;11001,000000000000000;Bogotá;391,000000000000000;UTAM46
273;279440,846991000000000;11001,000000000000000;Bogotá;998,000000000000000;UTAM115
274;568676,534392999950000;11001,000000000000000;Bogotá;305,000000000000000;UTAM115
275;866413,930234999980000;11001,000000000000000;Bogotá;314,000000000000000;UTAM75
276;630981,944493000050000;11001,000000000000000;Bogotá;311,000000000000000;UTAM75
277;631370,549172000030000;11001,000000000000000;Bogotá;312,000000000000000;UTAM75
278;157648,083587000000000;11001,000000000000000;Bogotá;403,000000000000000;UTAM75
279;228660,399611000000000;11001,000000000000000;Bogotá;239,000000000000000;UTAM98
280;118938,067337000000000;11001,000000000000000;Bogotá;236,000000000000000;UTAM98
281;276386,734803000000000;11001,000000000000000;Bogotá;235,000000000000000;UTAM98
282;292716,775916000010000;11001,000000000000000;Bogotá;231,000000000000000;UTAM98
283;108018,948051000000000;11001,000000000000000;Bogotá;232,000000000000000;UTAM98
284;1332361,238670000100000;11001,000000000000000;Bogotá;324,000000000000000;UTAM112
285;1238366,682470000100000;11001,000000000000000;Bogotá;389,000000000000000;UTAM46
286;662692,968507000010000;11001,000000000000000;Bogotá;417,000000000000000;UTAM47
287;406763,944307000030000;11001,000000000000000;Bogotá;408,000000000000000;UTAM46
288;598697,327648999980000;11001,000000000000000;Bogotá;390,000000000000000;UTAM46
289;387970,629529000030000;11001,000000000000000;Bogotá;526,000000000000000;UTAM47
290;115881,633951000000000;11001,000000000000000;Bogotá;409,000000000000000;UTAM46
291;638387,041267000020000;11001,000000000000000;Bogotá;321,000000000000000;UTAM114
292;1151681,973569999900000;11001,000000000000000;Bogotá;322,000000000000000;UTAM110
293;705053,579069999980000;11001,000000000000000;Bogotá;319,000000000000000;UTAM114
294;309463,483300000020000;11001,000000000000000;Bogotá;954,000000000000000;UTAM115
295;467756,761296999990000;11001,000000000000000;Bogotá;320,000000000000000;UTAM114
296;651305,722086000020000;11001,000000000000000;Bogotá;198,000000000000000;UTAM73
297;558317,709677999960000;11001,000000000000000;Bogotá;200,000000000000000;UTAM30
298;676436,416297000020000;11001,000000000000000;Bogotá;204,000000000000000;UTAM31
299;705516,253116999990000;11001,000000000000000;Bogotá;301,000000000000000;UTAM31
300;429581,153758000000000;11001,000000000000000;Bogotá;303,000000000000000;UTAM31
301;131780,617987000010000;11001,000000000000000;Bogotá;238,000000000000000;UTAM98
302;242879,008524000000000;11001,000000000000000;Bogotá;230,000000000000000;UTAM98
303;355988,678936999990000;11001,000000000000000;Bogotá;227,000000000000000;UTAM98
304;186088,713105000000000;11001,000000000000000;Bogotá;226,000000000000000;UTAM98
305;480373,284204999970000;11001,000000000000000;Bogotá;282,000000000000000;UTAM100
306;317519,118094999980000;11001,000000000000000;Bogotá;281,000000000000000;UTAM100
307;453078,327009000000000;11001,000000000000000;Bogotá;275,000000000000000;UTAM99
308;153404,800809000010000;11001,000000000000000;Bogotá;274,000000000000000;UTAM90
309;192941,511845000000000;11001,000000000000000;Bogotá;273,000000000000000;UTAM90
310;147760,679192000010000;11001,000000000000000;Bogotá;283,000000000000000;UTAM100
311;217170,063880000000000;11001,000000000000000;Bogotá;286,000000000000000;UTAM100
312;268370,844167999980000;11001,000000000000000;Bogotá;288,000000000000000;UTAM100
313;158429,444026999990000;11001,000000000000000;Bogotá;285,000000000000000;UTAM100
314;328370,241763000030000;11001,000000000000000;Bogotá;287,000000000000000;UTAM100
315;356600,500292000010000;11001,000000000000000;Bogotá;279,000000000000000;UTAM101
316;220475,886065000000000;11001,000000000000000;Bogotá;280,000000000000000;UTAM100
317;345965,088014999990000;11001,000000000000000;Bogotá;276,000000000000000;UTAM99
318;202488,069760999990000;11001,000000000000000;Bogotá;277,000000000000000;UTAM99
319;336017,749259000000000;11001,000000000000000;Bogotá;272,000000000000000;UTAM90
320;219343,969672000010000;11001,000000000000000;Bogotá;271,000000000000000;UTAM99
321;484887,744251000000000;11001,000000000000000;Bogotá;343,000000000000000;UTAM91
322;532914,855201000000000;11001,000000000000000;Bogotá;290,000000000000000;UTAM106
323;590692,896179000030000;11001,000000000000000;Bogotá;325,000000000000000;UTAM112
324;592130,228955000060000;11001,000000000000000;Bogotá;385,000000000000000;UTAM113
325;841031,312971999990000;11001,000000000000000;Bogotá;386,000000000000000;UTAM113
326;377896,325497000010000;11001,000000000000000;Bogotá;953,000000000000000;UTAM113
327;707714,234143999990000;11001,000000000000000;Bogotá;421,000000000000000;UTAM44
328;474595,492536999980000;11001,000000000000000;Bogotá;419,000000000000000;UTAM44
329;1012164,516850000000000;11001,000000000000000;Bogotá;326,000000000000000;UTAM111
330;796070,643030000040000;11001,000000000000000;Bogotá;327,000000000000000;UTAM109
331;180114,272468999990000;11001,000000000000000;Bogotá;291,000000000000000;UTAM106
332;116818,182809000010000;11001,000000000000000;Bogotá;220,000000000000000;UTAM103
333;901376,363985999950000;11001,000000000000000;Bogotá;219,000000000000000;UTAM103
334;575750,327110999960000;11001,000000000000000;Bogotá;218,000000000000000;UTAM22
335;334764,850569000000000;11001,000000000000000;Bogotá;217,000000000000000;UTAM22
336;148091,590892999990000;11001,000000000000000;Bogotá;225,000000000000000;UTAM98
337;500515,848250999990000;11001,000000000000000;Bogotá;292,000000000000000;UTAM106
338;153013,540402999990000;11001,000000000000000;Bogotá;174,000000000000000;UTAM22
339;344641,490608000020000;11001,000000000000000;Bogotá;222,000000000000000;UTAM22
340;527972,078969000020000;11001,000000000000000;Bogotá;295,000000000000000;UTAM106
341;608650,561051000030000;11001,000000000000000;Bogotá;298,000000000000000;UTAM104
342;541309,514860000000000;11001,000000000000000;Bogotá;294,000000000000000;UTAM104
343;191788,887989999990000;11001,000000000000000;Bogotá;293,000000000000000;UTAM106
344;1363079,426599999900000;11001,000000000000000;Bogotá;289,000000000000000;UTAM104
345;217662,747332000000000;11001,000000000000000;Bogotá;991,000000000000000;UTAM101
346;198998,671065000000000;11001,000000000000000;Bogotá;278,000000000000000;UTAM101
347;225340,795044000000000;11001,000000000000000;Bogotá;341,000000000000000;UTAM101
348;360508,311856999990000;11001,000000000000000;Bogotá;344,000000000000000;UTAM101
349;191553,915060000000000;11001,000000000000000;Bogotá;342,000000000000000;UTAM91
350;328220,048730999990000;11001,000000000000000;Bogotá;381,000000000000000;UTAM43
351;64033,512555699999000;11001,000000000000000;Bogotá;965,000000000000000;UTAM44
352;445446,286965999990000;11001,000000000000000;Bogotá;422,000000000000000;UTAM44
353;605376,319857000020000;11001,000000000000000;Bogotá;420,000000000000000;UTAM44
354;913789,556207000050000;11001,000000000000000;Bogotá;520,000000000000000;UTAM45
355;603133,248347999990000;11001,000000000000000;Bogotá;522,000000000000000;UTAM47
356;167256,081340000000000;11001,000000000000000;Bogotá;418,000000000000000;UTAM47
357;847209,791831000010000;11001,000000000000000;Bogotá;384,000000000000000;UTAM111
358;645636,236336000030000;11001,000000000000000;Bogotá;382,000000000000000;UTAM43
359;503351,301870999970000;11001,000000000000000;Bogotá;425,000000000000000;UTAM40
360;718359,525025999990000;11001,000000000000000;Bogotá;423,000000000000000;UTAM44
361;202228,030460999990000;11001,000000000000000;Bogotá;516,000000000000000;UTAM41
362;403229,726640000010000;11001,000000000000000;Bogotá;513,000000000000000;UTAM41
363;956690,395191999970000;11001,000000000000000;Bogotá;517,000000000000000;UTAM45
364;386630,259365000010000;11001,000000000000000;Bogotá;369,000000000000000;UTAM108
365;271621,873406999980000;11001,000000000000000;Bogotá;368,000000000000000;UTAM108
366;572896,302555999950000;11001,000000000000000;Bogotá;370,000000000000000;UTAM108
367;563889,612193000040000;11001,000000000000000;Bogotá;374,000000000000000;UTAM43
368;442918,015521999970000;11001,000000000000000;Bogotá;367,000000000000000;UTAM108
369;841575,972653000030000;11001,000000000000000;Bogotá;371,000000000000000;UTAM108
370;438745,191555999980000;11001,000000000000000;Bogotá;373,000000000000000;UTAM40
371;216820,892729999990000;11001,000000000000000;Bogotá;952,000000000000000;UTAM107
372;246164,642322000000000;11001,000000000000000;Bogotá;365,000000000000000;UTAM108
373;513126,270013000000000;11001,000000000000000;Bogotá;364,000000000000000;UTAM108
374;386944,597763000000000;11001,000000000000000;Bogotá;427,000000000000000;UTAM40
375;451044,672930000000000;11001,000000000000000;Bogotá;428,000000000000000;UTAM40
376;542589,946047000000000;11001,000000000000000;Bogotá;506,000000000000000;UTAM40
377;134274,442194000000000;11001,000000000000000;Bogotá;985,000000000000000;UTAM38
378;430886,103148999970000;11001,000000000000000;Bogotá;507,000000000000000;UTAM40
379;302778,376358999990000;11001,000000000000000;Bogotá;515,000000000000000;UTAM41
380;171389,755785999990000;11001,000000000000000;Bogotá;514,000000000000000;UTAM41
381;200313,508081999990000;11001,000000000000000;Bogotá;512,000000000000000;UTAM41
382;459026,472509999990000;11001,000000000000000;Bogotá;575,000000000000000;UTAM42
383;343596,989887000000000;11001,000000000000000;Bogotá;539,000000000000000;UTAM45
384;513617,994535000010000;11001,000000000000000;Bogotá;540,000000000000000;UTAM45
385;831890,660335000020000;11001,000000000000000;Bogotá;328,000000000000000;UTAM111
386;287244,178338999980000;11001,000000000000000;Bogotá;378,000000000000000;UTAM43
387;380092,841809000010000;11001,000000000000000;Bogotá;330,000000000000000;UTAM107
388;449336,416134000000000;11001,000000000000000;Bogotá;332,000000000000000;UTAM111
389;181106,595826000000000;11001,000000000000000;Bogotá;379,000000000000000;UTAM43
390;585428,208969000030000;11001,000000000000000;Bogotá;509,000000000000000;UTAM41
391;738653,989997999980000;11001,000000000000000;Bogotá;531,000000000000000;UTAM81
392;296665,932648000020000;11001,000000000000000;Bogotá;532,000000000000000;UTAM81
393;368734,839010000000000;11001,000000000000000;Bogotá;533,000000000000000;UTAM47
394;295012,785861000010000;11001,000000000000000;Bogotá;547,000000000000000;UTAM48
395;1061863,625010000100000;11001,000000000000000;Bogotá;535,000000000000000;UTAM48
396;815173,206054999960000;11001,000000000000000;Bogotá;542,000000000000000;UTAM49
397;209890,920320000000000;11001,000000000000000;Bogotá;989,000000000000000;UTAM80
398;416527,426847999970000;11001,000000000000000;Bogotá;410,000000000000000;UTAM80
399;228526,020886999990000;11001,000000000000000;Bogotá;541,000000000000000;UTAM65
400;708629,523104000020000;11001,000000000000000;Bogotá;537,000000000000000;UTAM48
401;195879,722710000000000;11001,000000000000000;Bogotá;524,000000000000000;UTAM48
402;472749,053862000000000;11001,000000000000000;Bogotá;523,000000000000000;UTAM47
403;389543,808494000000000;11001,000000000000000;Bogotá;538,000000000000000;UTAM45
404;167283,685880000000000;11001,000000000000000;Bogotá;521,000000000000000;UTAM45
405;1051147,138740000100000;11001,000000000000000;Bogotá;519,000000000000000;UTAM45
406;444783,632175999980000;11001,000000000000000;Bogotá;411,000000000000000;UTAM82
407;651811,033937999980000;11001,000000000000000;Bogotá;577,000000000000000;UTAM42
408;187004,711868999990000;11001,000000000000000;Bogotá;578,000000000000000;UTAM39
409;287219,760908000000000;11001,000000000000000;Bogotá;511,000000000000000;UTAM41
410;1005582,040620000000000;11001,000000000000000;Bogotá;401,000000000000000;UTAM77
411;440277,468812000010000;11001,000000000000000;Bogotá;406,000000000000000;UTAM77
412;217042,000650000000000;11001,000000000000000;Bogotá;400,000000000000000;UTAM75
413;561785,764083000020000;11001,000000000000000;Bogotá;402,000000000000000;UTAM77
414;1169613,564500000100000;11001,000000000000000;Bogotá;309,000000000000000;UTAM76
415;406174,146639999990000;11001,000000000000000;Bogotá;399,000000000000000;UTAM75
416;586053,738820999980000;11001,000000000000000;Bogotá;313,000000000000000;UTAM75
417;574887,349306000050000;11001,000000000000000;Bogotá;315,000000000000000;UTAM75
418;421465,670201000000000;11001,000000000000000;Bogotá;316,000000000000000;UTAM75
419;355035,957628000000000;11001,000000000000000;Bogotá;307,000000000000000;UTAM115
420;319313,320478999990000;11001,000000000000000;Bogotá;270,000000000000000;UTAM90
421;122745,342999000000000;11001,000000000000000;Bogotá;348,000000000000000;UTAM92
422;105434,142882999990000;11001,000000000000000;Bogotá;346,000000000000000;UTAM91
423;210537,938548000010000;11001,000000000000000;Bogotá;349,000000000000000;UTAM92
424;200708,758468999990000;11001,000000000000000;Bogotá;345,000000000000000;UTAM91
425;144054,374790000000000;11001,000000000000000;Bogotá;351,000000000000000;UTAM91
426;177601,266208999990000;11001,000000000000000;Bogotá;356,000000000000000;UTAM101
427;259365,852680000010000;11001,000000000000000;Bogotá;357,000000000000000;UTAM102
428;416773,471000000020000;11001,000000000000000;Bogotá;360,000000000000000;UTAM102
429;122568,742019000000000;11001,000000000000000;Bogotá;966,000000000000000;UTAM102
430;113112,003643000000000;11001,000000000000000;Bogotá;358,000000000000000;UTAM102
431;122224,435496000010000;11001,000000000000000;Bogotá;395,000000000000000;UTAM101
432;235182,324702999990000;11001,000000000000000;Bogotá;339,000000000000000;UTAM101
433;129740,791885000000000;11001,000000000000000;Bogotá;843,000000000000000;UTAM102
434;625381,323474999980000;11001,000000000000000;Bogotá;363,000000000000000;UTAM102
435;233082,204227999990000;11001,000000000000000;Bogotá;337,000000000000000;UTAM107
436;182887,608676000000000;11001,000000000000000;Bogotá;336,000000000000000;UTAM107
437;182926,278523999990000;11001,000000000000000;Bogotá;441,000000000000000;UTAM102
438;372964,765881000030000;11001,000000000000000;Bogotá;362,000000000000000;UTAM102
439;332967,713730000020000;11001,000000000000000;Bogotá;335,000000000000000;UTAM107
440;180344,128697000010000;11001,000000000000000;Bogotá;429,000000000000000;UTAM40
441;164830,068269999990000;11001,000000000000000;Bogotá;366,000000000000000;UTAM108
442;62973,438743799998000;11001,000000000000000;Bogotá;483,000000000000000;UTAM96
443;131527,671134000000000;11001,000000000000000;Bogotá;353,000000000000000;UTAM92
444;347469,266723999990000;11001,000000000000000;Bogotá;171,000000000000000;UTAM21
445;666972,146084000010000;11001,000000000000000;Bogotá;172,000000000000000;UTAM21
446;236131,426279000010000;11001,000000000000000;Bogotá;211,000000000000000;UTAM26
447;1607151,636570000100000;11001,000000000000000;Bogotá;299,000000000000000;UTAM105
448;624579,613286999990000;11001,000000000000000;Bogotá;135,000000000000000;UTAM25
449;710960,527917000000000;11001,000000000000000;Bogotá;134,000000000000000;UTAM25
450;784980,520836999990000;11001,000000000000000;Bogotá;170,000000000000000;UTAM21
451;458436,384859999990000;11001,000000000000000;Bogotá;175,000000000000000;UTAM22
452;460870,077086000000000;11001,000000000000000;Bogotá;173,000000000000000;UTAM22
453;628539,426394999960000;11001,000000000000000;Bogotá;176,000000000000000;UTAM26
454;832889,839517000010000;11001,000000000000000;Bogotá;136,000000000000000;UTAM25
455;131282,126036000000000;11001,000000000000000;Bogotá;233,000000000000000;UTAM98
456;346155,280597999980000;11001,000000000000000;Bogotá;841,000000000000000;UTAM26
457;375348,905795999980000;11001,000000000000000;Bogotá;842,000000000000000;UTAM26
458;755083,293809999940000;11001,000000000000000;Bogotá;214,000000000000000;UTAM103
459;511713,403454000010000;11001,000000000000000;Bogotá;207,000000000000000;UTAM30
460;340903,884528000020000;11001,000000000000000;Bogotá;203,000000000000000;UTAM30
461;214079,435239999990000;11001,000000000000000;Bogotá;209,000000000000000;UTAM26
462;341737,755138000010000;11001,000000000000000;Bogotá;178,000000000000000;UTAM26
463;506434,260827000020000;11001,000000000000000;Bogotá;131,000000000000000;UTAM29
464;552382,561015999990000;11001,000000000000000;Bogotá;181,000000000000000;UTAM30
465;327051,164868999970000;11001,000000000000000;Bogotá;202,000000000000000;UTAM30
466;460858,905604999980000;11001,000000000000000;Bogotá;179,000000000000000;UTAM26
467;351390,441983999980000;11001,000000000000000;Bogotá;216,000000000000000;UTAM22
468;374759,986038999980000;11001,000000000000000;Bogotá;215,000000000000000;UTAM22
469;219624,376401999990000;11001,000000000000000;Bogotá;208,000000000000000;UTAM26
470;610309,705259999960000;11001,000000000000000;Bogotá;180,000000000000000;UTAM26
471;184120,385652000000000;11001,000000000000000;Bogotá;296,000000000000000;UTAM104
472;398807,978165999990000;11001,000000000000000;Bogotá;124,000000000000000;UTAM29
473;306264,548657000010000;11001,000000000000000;Bogotá;130,000000000000000;UTAM29
474;180523,259950999990000;11001,000000000000000;Bogotá;228,000000000000000;UTAM98
475;157212,285408000000000;11001,000000000000000;Bogotá;229,000000000000000;UTAM98
476;355182,549173999990000;11001,000000000000000;Bogotá;163,000000000000000;UTAM97
477;250648,509507000010000;11001,000000000000000;Bogotá;137,000000000000000;UTAM25
478;877343,540893999980000;11001,000000000000000;Bogotá;159,000000000000000;UTAM89
479;850905,820261999960000;11001,000000000000000;Bogotá;161,000000000000000;UTAM89
480;1010098,166690000000000;11001,000000000000000;Bogotá;855,000000000000000;UTAM17
481;1564196,400190000000000;11001,000000000000000;Bogotá;27,000000000000000;UTAM17
482;731750,373692999940000;11001,000000000000000;Bogotá;9,000000000000000;UTAM17
483;393541,009754000000000;11001,000000000000000;Bogotá;956,000000000000000;UTAM9
484;668204,060904999960000;11001,000000000000000;Bogotá;47,000000000000000;UTAM18
485;287346,830898999990000;11001,000000000000000;Bogotá;48,000000000000000;UTAM18
486;292348,169712000000000;11001,000000000000000;Bogotá;49,000000000000000;UTAM18
487;321241,683889999990000;11001,000000000000000;Bogotá;64,000000000000000;UTAM19
488;242581,115500000010000;11001,000000000000000;Bogotá;65,000000000000000;UTAM19
489;475250,736021000020000;11001,000000000000000;Bogotá;53,000000000000000;UTAM12
490;763959,649342000020000;11001,000000000000000;Bogotá;52,000000000000000;UTAM12
491;644633,423604000010000;11001,000000000000000;Bogotá;54,000000000000000;UTAM12
492;506554,228445000020000;11001,000000000000000;Bogotá;61,000000000000000;UTAM12
493;642345,431275999990000;11001,000000000000000;Bogotá;55,000000000000000;UTAM10
494;542888,449741999970000;11001,000000000000000;Bogotá;56,000000000000000;UTAM11
495;411122,742785000010000;11001,000000000000000;Bogotá;59,000000000000000;UTAM11
496;360402,766942000020000;11001,000000000000000;Bogotá;60,000000000000000;UTAM11
497;249061,944377999990000;11001,000000000000000;Bogotá;23,000000000000000;UTAM9
498;334384,819887000020000;11001,000000000000000;Bogotá;17,000000000000000;UTAM10
499;249578,828738999990000;11001,000000000000000;Bogotá;116,000000000000000;UTAM71
500;517975,657893000000000;11001,000000000000000;Bogotá;117,000000000000000;UTAM71
501;1046490,745530000000000;11001,000000000000000;Bogotá;115,000000000000000;UTAM71
502;939774,691632000030000;11001,000000000000000;Bogotá;114,000000000000000;UTAM71
503;595000,876603999990000;11001,000000000000000;Bogotá;113,000000000000000;UTAM71
504;528155,543707999980000;11001,000000000000000;Bogotá;110,000000000000000;UTAM28
505;523685,441172000020000;11001,000000000000000;Bogotá;106,000000000000000;UTAM28
506;520362,577919000000000;11001,000000000000000;Bogotá;108,000000000000000;UTAM28
507;313562,843453000010000;11001,000000000000000;Bogotá;90,000000000000000;UTAM19
508;357312,927911999980000;11001,000000000000000;Bogotá;14,000000000000000;UTAM9
509;476308,833005000020000;11001,000000000000000;Bogotá;13,000000000000000;UTAM9
510;196161,464474999990000;11001,000000000000000;Bogotá;16,000000000000000;UTAM9
511;458825,069634000010000;11001,000000000000000;Bogotá;12,000000000000000;UTAM9
512;910584,408029000040000;11001,000000000000000;Bogotá;11,000000000000000;UTAM9
513;481755,940603000000000;11001,000000000000000;Bogotá;77,000000000000000;UTAM13
514;460421,014059000010000;11001,000000000000000;Bogotá;63,000000000000000;UTAM13
515;181259,268914999990000;11001,000000000000000;Bogotá;26,000000000000000;UTAM10
516;665038,432284999990000;11001,000000000000000;Bogotá;25,000000000000000;UTAM10
517;177578,070952000010000;11001,000000000000000;Bogotá;24,000000000000000;UTAM9
518;506466,492548000010000;11001,000000000000000;Bogotá;942,000000000000000;UTAM42
519;387500,424263999970000;11001,000000000000000;Bogotá;943,000000000000000;UTAM69
520;564109,910326999960000;11001,000000000000000;Bogotá;944,000000000000000;UTAM69
521;499095,911469999990000;11001,000000000000000;Bogotá;571,000000000000000;UTAM69
522;821715,732499000030000;11001,000000000000000;Bogotá;946,000000000000000;UTAM49
523;1274534,421559999900000;11001,000000000000000;Bogotá;562,000000000000000;UTAM85
524;743125,921441999960000;11001,000000000000000;Bogotá;948,000000000000000;UTAM48
525;712502,109978999940000;11001,000000000000000;Bogotá;951,000000000000000;UTAM44
526;87442,081772799997000;11001,000000000000000;Bogotá;844,000000000000000;UTAM107
527;685469,030952999950000;11001,000000000000000;Bogotá;318,000000000000000;UTAM114
528;523484,349850000000000;11001,000000000000000;Bogotá;323,000000000000000;UTAM112
529;126413,279771000000000;11001,000000000000000;Bogotá;962,000000000000000;UTAM67
530;450808,841620000020000;11001,000000000000000;Bogotá;941,000000000000000;UTAM42
531;155973,416265999990000;11001,000000000000000;Bogotá;964,000000000000000;UTAM48
532;314394,637920000010000;11001,000000000000000;Bogotá;359,000000000000000;UTAM102
533;652390,519341000010000;11001,000000000000000;Bogotá;605,000000000000000;UTAM32
534;189773,241791999990000;11001,000000000000000;Bogotá;607,000000000000000;UTAM34
535;281657,522555999980000;11001,000000000000000;Bogotá;974,000000000000000;UTAM54
536;284080,009605999980000;11001,000000000000000;Bogotá;610,000000000000000;UTAM36
537;352222,730923000020000;11001,000000000000000;Bogotá;656,000000000000000;UTAM54
538;383218,503543000030000;11001,000000000000000;Bogotá;978,000000000000000;UTAM54
539;201597,190516000000000;11001,000000000000000;Bogotá;981,000000000000000;UTAM36
540;208698,182689000010000;11001,000000000000000;Bogotá;589,000000000000000;UTAM39
541;247669,447014000000000;11001,000000000000000;Bogotá;503,000000000000000;UTAM38
542;348375,380318999990000;11001,000000000000000;Bogotá;424,000000000000000;UTAM43
543;510765,617091000020000;11001,000000000000000;Bogotá;416,000000000000000;UTAM80
544;895173,266510999990000;11001,000000000000000;Bogotá;990,000000000000000;UTAM46
545;385401,768291999990000;11001,000000000000000;Bogotá;340,000000000000000;UTAM101
546;153059,801684000010000;11001,000000000000000;Bogotá;352,000000000000000;UTAM91
547;317333,660160999980000;11001,000000000000000;Bogotá;354,000000000000000;UTAM93
548;983426,775025999990000;11001,000000000000000;Bogotá;995,000000000000000;UTAM78
549;863350,946065000030000;11001,000000000000000;Bogotá;393,000000000000000;UTAM78
550;1121112,658619999900000;11001,000000000000000;Bogotá;996,000000000000000;UTAM110
551;867620,081672000000000;11001,000000000000000;Bogotá;997,000000000000000;UTAM109
552;334418,421780999980000;11001,000000000000000;Bogotá;999,000000000000000;UTAM115
553;1000878,032939999900000;11001,000000000000000;Bogotá;306,000000000000000;UTAM115
554;282053,828930000020000;11001,000000000000000;Bogotá;835,000000000000000;UTAM74
555;883213,396505999960000;11001,000000000000000;Bogotá;42,000000000000000;UTAM27
556;681261,013501000010000;11001,000000000000000;Bogotá;838,000000000000000;UTAM23
557;769499,344171999950000;11001,000000000000000;Bogotá;94,000000000000000;UTAM24
558;404778,020693000000000;11001,000000000000000;Bogotá;212,000000000000000;UTAM26
559;448019,599302000020000;11001,000000000000000;Bogotá;213,000000000000000;UTAM26
560;196771,331096999990000;11001,000000000000000;Bogotá;361,000000000000000;UTAM102
561;123084,624219000000000;11001,000000000000000;Bogotá;334,000000000000000;UTAM107
562;264797,529435999980000;11001,000000000000000;Bogotá;846,000000000000000;UTAM100
563;260995,592955000000000;11001,000000000000000;Bogotá;247,000000000000000;UTAM97
564;177330,102883000010000;11001,000000000000000;Bogotá;254,000000000000000;UTAM97
565;166678,994941000010000;11001,000000000000000;Bogotá;166,000000000000000;UTAM97
566;447318,147935000020000;11001,000000000000000;Bogotá;144,000000000000000;UTAM16
567;468245,725818999980000;11001,000000000000000;Bogotá;146,000000000000000;UTAM16
568;450391,483736999970000;11001,000000000000000;Bogotá;853,000000000000000;UTAM20
569;844671,620554000020000;11001,000000000000000;Bogotá;58,000000000000000;UTAM11
570;972227,014312000010000;11001,000000000000000;Bogotá;28,000000000000000;UTAM17
571;261455,456381000000000;11001,000000000000000;Bogotá;7,000000000000000;UTAM1
572;437901,942829000010000;11001,000000000000000;Bogotá;141,000000000000000;UTAM20
573;1963978,532670000100000;11001,000000000000000;Bogotá;1001,000000000000000;UTAM61
574;429126,628728999990000;11001,000000000000000;Bogotá;1003,000000000000000;UTAM87
575;962768,216535000010000;11001,000000000000000;Bogotá;1006,000000000000000;UTAM86
576;1204378,839380000000000;11001,000000000000000;Bogotá;1017,000000000000000;UTAM3
577;555144,710716999950000;11001,000000000000000;Bogotá;1020,000000000000000;UTAM3
578;1043481,189550000000000;11001,000000000000000;Bogotá;1021,000000000000000;UTAM2
579;795255,087593000030000;11001,000000000000000;Bogotá;1025,000000000000000;UTAM24
580;612042,210817000010000;11001,000000000000000;Bogotá;1028,000000000000000;UTAM27
581;329254,197499000000000;11001,000000000000000;Bogotá;1034,000000000000000;UTAM78
582;778462,834080999950000;11001,000000000000000;Bogotá;1035,000000000000000;UTAM79
583;922606,333698999950000;11001,000000000000000;Bogotá;1045,000000000000000;UPR1
584;1077511,442390000000000;11001,000000000000000;Bogotá;1046,000000000000000;UPR1
585;1816298,379560000000000;11001,000000000000000;Bogotá;1048,000000000000000;UTAM72
586;1027481,622680000000000;11001,000000000000000;Bogotá;1049,000000000000000;UTAM72
587;9020924,657539999100000;11001,000000000000000;Bogotá;1050,000000000000000;UPR3
588;3753576,282120000100000;11001,000000000000000;Bogotá;1051,000000000000000;UPR3
589;352524,134842999980000;11001,000000000000000;Bogotá;481,000000000000000;UTAM96
590;2591655,544590000100000;11001,000000000000000;Bogotá;763,000000000000000;UTAM61